[Camera]
BlackLevel = 90
ExposureAuto = Off
ExposureTime = 4315
GainAuto = Off
Gain = 18.0
BalanceWhiteAuto = Off
BalanceWhiteRed = 1.890625
BalanceWhiteBlue = 2.109375
fps = 119
RecordResolution = (2048, 1536)
skipping = 1x1
direction = 0

[Other]
cornerValue = 8
blockValue = 25
ks = [[838.2709127964056, 0.0, 1021.8024823063257], [0.0, 833.8431415571824, 750.7046583633463], [0.0, 0.0, 1.0]]
poses = [[-0.5518989844770115, -0.6917966133326128, 0.46564466786893455], [-0.6977371918095985, 0.6907887387498999, 0.1896674183458451], [-0.4528733704939927, -0.22022034736653584, -0.8639378296943132]]
eye = [[-2.989276075865736, -7.154507889835889, 7.891132444181903]]
hmtx = [[-0.06291168566776018, -0.06712804366458101, 124.43275902473515], [-0.08853791736034113, 0.03905387681527221, 21.550647502030767], [0.004755974269933315, 0.0023253637244092, 1.0]]
dist = [[-0.21328747243200033, 0.0467554742257117, -0.00019014175815522093, 0.0007293213381563766, -0.004791479644180919]]
newcameramtx = [[837.861572265625, 0.0, 1021.3035007302824], [0.0, 833.30029296875, 750.2159542101144], [0.0, 0.0, 1.0]]
projection_mat = [[46.589682075623685, -436.8810911373174, -1245.8078454432648, 7247.119296752273], [-187.35195200922766, 689.7587390321003, -863.9128832233118, 10819.111075951902], [0.4965216815471649, 0.15216109156608582, -0.8545836806297302, 9.525856971740723]]
extrinsic_mat = [[-0.5496249794960022, -0.7068992853164673, -0.4452030658721924, -2.96191143989563], [-0.6718471646308899, 0.6907534599304199, -0.26735928654670715, 4.407368183135986], [0.4965216815471649, 0.15216109156608582, -0.8545836806297302, 9.525856971740723]]

