[Camera]
BlackLevel = 90
ExposureAuto = Off
ExposureTime = 4315
GainAuto = Off
Gain = 18.0
BalanceWhiteAuto = Off
BalanceWhiteRed = 1.890625
BalanceWhiteBlue = 2.109375
fps = 119
RecordResolution = (2048, 1536)
skipping = 1x1
direction = 0

[Other]
cornerValue = 8
blockValue = 14
ks = [[1214.482199462374, 0.0, 739.9438294260159], [0.0, 1208.53844690556, 579.0715103803774], [0.0, 0.0, 1.0]]
poses = [[0.9934541379158164, -0.059836109341266264, 0.09730629926598677], [-0.10596171522019088, -0.4800103222690888, 0.870839942482383], [-0.00539964594763917, -0.8754502866934485, -0.4832085776784343]]
eye = [[-0.5659657315619384, -3.1518500564584775, 3.005940864427346]]
hmtx = [[0.04072477390707113, -0.008786306155963033, -24.863582474689366], [-0.004904906471812231, -0.05747707596193112, 54.97947989788638], [7.360453433221226e-05, 0.011995050012216582, 1.0]]
dist = [[-0.5357608528825365, 0.42420392423835374, -0.0020378974867134004, -0.004261218299961821, -0.2375760856910901]]
newcameramtx = [[1213.6387939453125, 0.0, 739.4299903432475], [0.0, 1207.41943359375, 578.535342122268], [0.0, 0.0, 1.0]]
projection_mat = [[1269.071186457364, 517.1240817676996, -376.45300104253704, 3411.4237762093926], [-27.21123714020524, -78.7512629417447, -1336.2719276893076, 3785.0753479715304], [0.08402085304260254, 0.869951069355011, -0.48592761158943176, 4.261830806732178]]
extrinsic_mat = [[0.9944834113121033, -0.103938527405262, -0.014125744812190533, 0.21431274712085724], [-0.06279530376195908, -0.4820600748062134, -0.873884916305542, 1.0927897691726685], [0.08402085304260254, 0.869951069355011, -0.48592761158943176, 4.261830806732178]]

