[Camera]
BlackLevel = 0
ExposureAuto = Off
ExposureTime = 3012
GainAuto = Off
Gain = 10.0
BalanceWhiteAuto = Off
BalanceWhiteRed = 1.40625
BalanceWhiteBlue = 3.0
BalanceWhiteGreen = 1.015625
fps = 120
RecordResolution = (640, 480)
skipping = 2x2
direction = 0

[Other]
cornerValue = 8
blockValue = 14
ks = [[632.5063907521768, 0.0, 320.9489740879956], [0.0, 630.542752758819, 251.53728178823627], [0.0, 0.0, 1.0]]
dist = [[-0.5464897190476019, 0.4854696182517899, -0.0018217721165962068, 0.001767945646189045, -0.4044752499353991]]
newcameramtx = [[536.2160034179688, 0.0, 322.5161741692136], [0.0, 577.6748046875, 252.42803738435032], [0.0, 0.0, 1.0]]
poses = [[0.9610084010316933, 0.10588633388042923, -0.2554426304356241], [0.23218048853352108, -0.39718935375882913, 0.8878810945194067], [-0.007444619284778173, -0.9125699856771953, -0.4062870464919657]]
eye = [[0.904931148618215, -3.186359847806718, 3.031576938396711]]
hmtx = [[1.8341321108335555, 0.5530964441703894, -845.4055382787333], [0.49442824313960837, -2.2896243361232256, 867.6518284726596], [0.004565008630236194, 0.5194235497885724, 0.9999999999999999]]
projection_mat = [[455.2950404092528, 409.26918740768826, -129.41967710649993, 1418.4056810195457], [14.204308315492078, -16.117185178317555, -630.0528229858892, 1944.944569136608], [-0.2046421468257904, 0.8804118633270264, -0.4277809262275696, 4.338102340698242]]
extrinsic_mat = [[0.972174346446991, 0.2337157428264618, 0.015938708558678627, 0.03598831593990326], [0.11401176452636719, -0.41261592507362366, -0.9037418961524963, 1.4712185859680176], [-0.2046421468257904, 0.8804118633270264, -0.4277809262275696, 4.338102340698242]]
