[Camera]
BlackLevel = 0
ExposureAuto = Off
ExposureTime = 3012
GainAuto = Off
Gain = 10.0
BalanceWhiteAuto = Off
BalanceWhiteRed = 1.40625
BalanceWhiteBlue = 3.0
BalanceWhiteGreen = 1.015625
fps = 120
RecordResolution = (640, 480)
skipping = 2x2
direction = 0

[Other]
cornerValue = 8
blockValue = 14
ks = [[632.5063907521768, 0.0, 320.9489740879956], [0.0, 630.542752758819, 251.53728178823627], [0.0, 0.0, 1.0]]
dist = [[-0.5464897190476019, 0.4854696182517899, -0.0018217721165962068, 0.001767945646189045, -0.4044752499353991]]
newcameramtx = [[536.2160034179688, 0.0, 322.5161741692136], [0.0, 577.6748046875, 252.42803738435032], [0.0, 0.0, 1.0]]
poses = [[-0.9846900009846902, 0.030998600678290078, -0.17153626064701033], [0.1986362510028285, 0.44314511583102467, -0.8741659145166034], [0.04891753598296772, -0.8948557549521027, -0.44251801036908134]]
eye = [[1.1201227842776598, 3.012927490038847, 3.2512047469042544]]
hmtx = [[-0.07468472941422853, 0.02642482265770651, 16.055111770114944], [0.009111741759896399, 0.08944090463132731, -44.22600384958317], [-0.0011274755732540822, 0.01914484917131878, 1.0]]
projection_mat = [[-591.6777985406559, -176.75759534373964, -101.08612331451303, 1608.4628601766015], [-40.33587042414314, 33.709401061655825, -628.2235131934516, 1946.283046508655], [-0.20912183821201324, -0.8756260275840759, -0.43537014722824097, 4.260641574859619]]
extrinsic_mat = [[-0.9776519536972046, 0.1970212757587433, 0.0733431875705719, 0.43701985478401184], [0.021555976942181587, 0.44097813963890076, -0.8972589373588562, 1.5073838233947754], [-0.20912183821201324, -0.8756260275840759, -0.43537014722824097, 4.260641574859619]]
