[Camera]
BlackLevel = 0
ExposureAuto = Off
ExposureTime = 3012
GainAuto = Off
Gain = 10.0
BalanceWhiteAuto = Off
BalanceWhiteRed = 1.40625
BalanceWhiteBlue = 3.0
BalanceWhiteGreen = 1.015625
fps = 120
RecordResolution = (640, 480)
skipping = 2x2
direction = 0

[Other]
cornerValue = 8
blockValue = 14
ks = [[632.5063907521768, 0.0, 320.9489740879956], [0.0, 630.542752758819, 251.53728178823627], [0.0, 0.0, 1.0]]
dist = [[-0.5464897190476019, 0.4854696182517899, -0.0018217721165962068, 0.001767945646189045, -0.4044752499353991]]
newcameramtx = [[536.2160034179688, 0.0, 322.5161741692136], [0.0, 577.6748046875, 252.42803738435032], [0.0, 0.0, 1.0]]
poses = [[0.9994996026986328, 0.007469796375188409, -0.03073672636096081], [0.006896425925663863, -0.4582426915237512, 0.8888003572088161], [-0.00744572252973108, -0.8885675774651608, -0.45806490301492264]]
eye = [[-0.40427949931173496, -3.204334019376767, 2.963195767782726]]
hmtx = [[0.08761620606099693, -0.012023001322315065, -29.168102529719697], [0.0018531477298440045, -0.10794537599487636, 43.80919117298774], [0.00021262190723556298, 0.02355309421155293, 1.0]]
projection_mat = [[540.9844893464849, 277.380904811909, -148.12118019512178, 1715.807421902351], [11.3042702871525, -63.42484216396397, -627.1184825860408, 1802.6829960826126], [0.015114963054656982, 0.8713794946670532, -0.49037668108940125, 4.391695976257324]]
extrinsic_mat = [[0.9998016953468323, -0.006812694948166609, 0.01871117390692234, 0.5583840012550354], [0.012963746674358845, -0.4905622601509094, -0.8713096976280212, 1.2015337944030762], [0.015114963054656982, 0.8713794946670532, -0.49037668108940125, 4.391695976257324]]
