[Camera]
BlackLevel = 90
ExposureAuto = Off
ExposureTime = 4203
GainAuto = Off
Gain = 20.0
BalanceWhiteAuto = Off
BalanceWhiteRed = 1.890625
BalanceWhiteBlue = 2.109375
fps = 30
RecordResolution = (640, 480)
skipping = 2x2
direction = 0

[Other]
cornerValue = 8
blockValue = 14
ks = [[606.3677478201979, 0.0, 299.2295865841554], [0.0, 605.3329845478257, 262.3130114274034], [0.0, 0.0, 1.0]]
poses = [[0.9859610906140137, 0.11068175706060801, 0.12502110401529265], [0.8900893394926044, 0.07255036359456224, 0.4499749020377868], [0.0407336862374148, -0.33237779326650185, -0.026984816421819602]]
eye = [[-12.218611281465124, -11.740995709834783, 0.6358386909403926]]
hmtx = [[-0.018000056992345678, -0.021565650317479094, 17.227675947076307], [0.00011573418952520484, 0.0715537236500062, -28.82273820530057], [0.0009111919848346224, -0.007577231885728305, 0.9999999999999999]]
dist = [[-0.5017483537239437, 0.3447389692805026, -0.002607896146841704, 0.006959057203368802, -0.12381380450096677]]
newcameramtx = [[515.669921875, 0.0, 297.97810422151815], [0.0, 553.3507080078125, 264.82060180438566], [0.0, 0.0, 1.0]]
projection_mat = [[115.58673918227466, 297.0555218115877, -17.998470763911072, 3849.77700168121], [-232.9171828984114, 201.01181301001168, -8.960112614078042, 3044.279587253489], [-0.14686697721481323, 0.7308576703071594, 0.6665412187576294, 9.817560195922852]]
extrinsic_mat = [[0.5552377104759216, 0.6185864210128784, -0.55593341588974, 7.7645344734191895], [-0.8186215162277222, 0.2884405553340912, -0.4966496229171753, 5.234145641326904], [-0.14686697721481323, 0.7308576703071594, 0.6665412187576294, 9.817560195922852]]

