[Camera]
BlackLevel = 0
ExposureAuto = Off
ExposureTime = 3012
GainAuto = Off
Gain = 10.0
BalanceWhiteAuto = Off
BalanceWhiteRed = 1.40625
BalanceWhiteBlue = 3.0
BalanceWhiteGreen = 1.015625
fps = 120
RecordResolution = (640, 480)
skipping = 2x2
direction = 0

[Other]
cornerValue = 8
blockValue = 14
ks = [[632.5063907521768, 0.0, 320.9489740879956], [0.0, 630.542752758819, 251.53728178823627], [0.0, 0.0, 1.0]]
dist = [[-0.5464897190476019, 0.4854696182517899, -0.0018217721165962068, 0.001767945646189045, -0.4044752499353991]]
newcameramtx = [[536.2160034179688, 0.0, 322.5161741692136], [0.0, 577.6748046875, 252.42803738435032], [0.0, 0.0, 1.0]]
poses = [[-0.9529494375258674, -0.022714594149009226, 0.3022770529361747], [-0.2422146366727681, 0.46585969337264, -0.8510621692169313], [-0.12148716342509347, -0.88423514200627, -0.449442539934402]]
eye = [[-1.7102963651211271, 3.070519345814354, 3.1120308336519535]]
hmtx = [[0.5867061372754195, 0.21282993922973198, -265.18362120256614], [0.09638393422617562, -0.700999878019746, 278.3697175430423], [-0.02262367310792964, -0.15284697262934768, 0.9999999999999999]]
projection_mat = [[-434.81478151449994, -403.99922560189896, -198.1540074239257, 1266.2495836596477], [48.982018262074476, 52.94446682518907, -626.2792981188469, 1883.3525364488266], [0.2576224207878113, -0.8524258732795715, -0.45497336983680725, 4.300842761993408]]
extrinsic_mat = [[-0.9658461809158325, -0.24072033166885376, -0.09588997066020966, -0.22536024451255798], [-0.027782246470451355, 0.4641377031803131, -0.8853272795677185, 1.3808794021606445], [0.2576224207878113, -0.8524258732795715, -0.45497336983680725, 4.300842761993408]]
