[Camera]
BlackLevel = 90
ExposureAuto = Off
ExposureTime = 4203
GainAuto = Off
Gain = 20.0
BalanceWhiteAuto = Off
BalanceWhiteRed = 1.890625
BalanceWhiteBlue = 2.109375
fps = 120
RecordResolution = (1440, 1080)
skipping = 1x1
direction = 0

[Other]
cornerValue = 8
blockValue = 14
ks = [[1781.2293557334565, 0.0, 726.9111361789223], [0.0, 1765.3046551179373, 531.0808604176564], [0.0, 0.0, 1.0]]
poses = [[0.7486531339792997, 0.16158869548572152, 0.6429677896086208], [-0.2200513694204611, 0.2596530104437198, 0.9402966069191638], [-0.015007220108504526, -0.8454419442367573, 0.22994785374034876]]
eye = [[-13.476961807555455, -13.599865699051726, 0.35277028940959454]]
hmtx = [[-0.0015629710214976344, 0.0023147761799165683, -0.9371462772385404], [0.0011744872835754547, 0.011415886427017375, -8.676935842540557], [-3.060832936952997e-05, -0.0015825238117864633, 1.0]]
dist = [[-0.8688103469098037, 1.395423093640869, 0.0013616602166156534, 0.0078659046437737, -1.9151434001080383]]
newcameramtx = [[1517.6646728515625, 0.0, 742.0581829776638], [0.0, 1619.0784912109375, 529.9314063664533], [0.0, 0.0, 1.0]]
projection_mat = [[999.9455932503736, 108.07195900865912, 116.95831383516149, 3651.131004690944], [242.37862469389373, 475.1404770992261, -856.944613943456, 6424.852511019045], [0.4109176993370056, 0.8928285241127014, 0.1844014823436737, 9.064208030700684]]
extrinsic_mat = [[0.9064046740531921, -0.4218112528324127, 0.022490985691547394, -1.324303150177002], [0.09786321222782135, 0.15790042281150818, -0.9825936555862427, 3.304954767227173], [0.4109176993370056, 0.8928285241127014, 0.1844014823436737, 9.064208030700684]]

