[Camera]
BlackLevel = 90
ExposureAuto = Off
ExposureTime = 4203
GainAuto = Off
Gain = 20.0
BalanceWhiteAuto = Off
BalanceWhiteRed = 1.890625
BalanceWhiteBlue = 2.109375
fps = 120
RecordResolution = (1440, 1080)
skipping = 1x1
direction = 0

[Other]
cornerValue = 8
blockValue = 14
ks = [[1270.5694626311056, 0.0, 686.6514502308506], [0.0, 1268.1938595241802, 535.8223459861748], [0.0, 0.0, 1.0]]
poses = [[0.6356125534088175, 0.11249771725946178, -0.7637675991821951], [0.8185424260444982, -0.07309937233822894, 0.5697760775330458], [0.008267575959023166, -0.9873330110808154, -0.1385470331145111]]
eye = [[2.6317092656658283, -7.120122843094388, 1.2266578366430338]]
hmtx = [[-0.002041128992821234, -0.012287367218926567, 9.143767569353297], [-0.0031773952398684285, 0.022451597027834773, -8.810834396175581], [2.521323637510354e-05, -0.002716699367365165, 1.0]]
dist = [[-0.5228113709416548, 0.33812175047771215, -0.0003799694325032629, 0.0003958364727646394, -0.1326896338926299]]
newcameramtx = [[1026.162841796875, 0.0, 669.8982716514729], [0.0, 1137.3359375, 533.9070656297263], [0.0, 0.0, 1.0]]
projection_mat = [[109.21204299693659, 1219.0207497208758, -61.92800232596247, 9319.073220931568], [-303.8050968859651, 260.1123710845621, -1191.0641338592889, 4621.411439489633], [-0.7811369895935059, 0.6136780977249146, -0.11499667912721634, 8.276265144348145]]
extrinsic_mat = [[0.6163684129714966, 0.7873203158378601, 0.014722881838679314, 3.6785755157470703], [0.09957432746887207, -0.05937973037362099, -0.9932567477226257, 0.17818394303321838], [-0.7811369895935059, 0.6136780977249146, -0.11499667912721634, 8.276265144348145]]

