[Camera]
BlackLevel = 105
GainAuto = Off
Gain = 25.0
ExposureAuto = Off
ExposureTime = 3327
BalanceWhiteAuto = Off
BalanceWhiteRed = 1.671875
BalanceWhiteBlue = 2.046875
direction = 0
fps = 120
RecordResolution = (1440, 1080)
skipping = 1x1

[Other]
cornerValue = 8
blockValue = 14
ks = [[1229.4745785904784, 0.0, 722.9166439067482], [0.0, 1229.1487549391904, 514.5906072903045], [0.0, 0.0, 1.0]]
poses = [[0.88805715802324, -0.17351960818793954, 0.4257292915198452], [-0.4605336614589792, -0.2497586767686646, 0.8517801066249149], [-0.0414709658521788, -0.9524920901640264, -0.30171160117654416]]
eye = [[-2.754269319580667, -7.800240321757244, 3.879005038666943]]
hmtx = [[-0.022778431587304693, 0.023094788911481624, -2.2332626433975884], [0.013769841157972794, 0.055252861647650815, -45.98912781241604], [-0.0002779498820109183, -0.006387037705617822, 1.0]]
dist = [[-0.5405667247106989, 0.43629130729358806, 0.001369157146417951, 0.0010603717663635423, -0.2637681002912014]]
newcameramtx = [[1228.620849609375, 0.0, 722.4146323771274], [0.0, 1228.0106201171875, 514.1141135970283], [0.0, 0.0, 1.0]]
projection_mat = [[1401.3143781016104, 30.156626060167536, -258.45845289084315, 5476.3474932539175], [17.968326464700876, 113.9410550554624, -1326.279752340483, 6268.520316089168], [0.4403478503227234, 0.8428838849067688, -0.3092580735683441, 9.146340370178223]]
extrinsic_mat = [[0.8816394805908203, -0.47106072306632996, -0.028524581342935562, -0.9206278920173645], [-0.16972224414348602, -0.2600933909416199, -0.9505502581596375, 1.2754430770874023], [0.4403478503227234, 0.8428838849067688, -0.3092580735683441, 9.146340370178223]]

