[Camera]
BlackLevel = 90
ExposureAuto = Off
ExposureTime = 4315
GainAuto = Off
Gain = 31.0
BalanceWhiteAuto = Off
BalanceWhiteRed = 1.890625
BalanceWhiteBlue = 2.109375
fps = 119
RecordResolution = (2048, 1536)
skipping = 1x1
direction = 3

[Other]
cornerValue = 8
blockValue = 14
ks = [[1200.397559429894, 0.0, 1029.2291502627538], [0.0, 1200.4327484862176, 765.9062544689459], [0.0, 0.0, 1.0]]
dist = [[-0.6048998102819182, 0.5939134410543674, 0.004790303341597434, -0.0008561572814273253, -0.2785432914236274]]
newcameramtx = [[1325.8006591796875, 0.0, 1027.2900961975174], [0.0, 1430.5078125, 773.5307669453323], [0.0, 0.0, 1.0]]
poses = [[-0.058068520065570506, 0.7854536140676311, -0.616190447122877], [0.39149192899677265, 0.43714138802646985, 0.80971691127497], [0.9053574216765499, -0.19421452406371653, -0.3328829039709298]]
eye = [[5.108142902220924, -9.049107678798652, 4.595553190569516]]
hmtx = [[-0.002917795625170273, 0.004958391172687633, -2.3741443727074363], [0.007834812222782034, 0.0010474830411079407, -3.4524774537963636], [-0.0007862345774491028, 0.00019182678538931522, 1.0]]
projection_mat = [[-470.63922902519494, 1420.4848215005945, 1794.2369346381668, 3447.730884198255], [1573.0373654538073, 1209.7557920900676, -443.1157269186582, 7401.314561498795], [-0.4829460680484772, 0.7586284279823303, -0.4373168647289276, 10.812407493591309]]
extrinsic_mat = [[-0.09631673246622086, 0.4503669738769531, 0.887633204460144, -0.956041157245636], [0.8703368306159973, 0.47079989314079285, -0.1444343477487564, 1.7961535453796387], [-0.4829460680484772, 0.7586284279823303, -0.4373168647289276, 10.812407493591309]]

