[Camera]
BlackLevel = 71
GainAuto = Off
Gain = 17.0
ExposureAuto = Off
ExposureTime = 2730
BalanceWhiteAuto = Off
BalanceWhiteRed = 1.671875
BalanceWhiteBlue = 2.046875
direction = 0
fps = 600
RecordResolution = (640, 480)
skipping = 2x2
BalanceWhiteGreen = 0.984375

[Other]
cornerValue = 8
blockValue = 25
ks = [[888.7684376312519, 0.0, 335.54362589533235], [0.0, 888.6282142397237, 228.56523950492306], [0.0, 0.0, 1.0]]
poses = [[0.9611535429035339, -0.004698120993104515, -0.27597426442173756], [0.2932417583458028, -0.2660951298943599, 0.9182606672447449], [-0.07774950745672726, -0.9635166721884699, -0.2543805915864006]]
eye = [[1.5524085068167017, -7.372483867576617, 3.988643663753028]]
hmtx = [[-0.016337470978771963, -0.008839207625473477, 19.61137991235506], [-0.002006751405872972, 0.03556599838485505, -26.165680239111595], [-0.000324993879810092, -0.004029512694023344, 0.9999999999999999]]
dist = [[-0.9103356729517427, 1.0059094835279168, 0.02528235696909552, -0.004138603542508631, -0.4182042681882299]]
newcameramtx = [[774.21044921875, 0.0, 337.33989730231406], [0.0, 825.8590087890625, 232.84944364425246], [0.0, 0.0, 1.0]]
projection_mat = [[953.10248146681, 1022.1728480008059, -279.5538983564635, 6527.480918604295], [-170.09008719594087, 163.61766503411883, -1310.1992616603816, 6537.053530579896], [-0.3018989562988281, 0.9231756925582886, -0.23791514337062836, 8.418678283691406]]
extrinsic_mat = [[0.9532629251480103, 0.28915122151374817, -0.08764340728521347, 0.36276817321777344], [-0.012116811238229275, -0.25325512886047363, -0.9673236608505249, 1.7987565994262695], [-0.3018989562988281, 0.9231756925582886, -0.23791514337062836, 8.418678283691406]]

