[Camera]
BlackLevel = 90
ExposureAuto = Off
ExposureTime = 4203
GainAuto = Off
Gain = 20.0
BalanceWhiteAuto = Off
BalanceWhiteRed = 1.890625
BalanceWhiteBlue = 2.109375
fps = 120
RecordResolution = (1440, 1080)
skipping = 1x1
direction = 0

[Other]
cornerValue = 8
blockValue = 14
ks = [[1436.0674107416235, 0.0, 793.0267834393709], [0.0, 1433.6212684782356, 521.0660953420781], [0.0, 0.0, 1.0]]
poses = [[-0.5545863293284856, -0.4986005404987052, -0.6662068029796422], [-0.1266412770449452, 0.5171047396225368, 0.8465014324904203], [-0.0775673763831014, 0.5538274025215393, -0.34992262860968104]]
eye = [[1.232635653286641, -2.210174785551589, 0.15438639104576474]]
hmtx = [[-0.0005842928588792823, 0.0008791608231782178, -0.5394934072800439], [-0.001322553137639063, 0.00481955322680129, -3.333013305284913], [0.00018381363245930857, -0.0011971807678125676, 1.0]]
dist = [[-0.5301536267653852, 0.2538158519594687, 0.0038507902710539217, -0.0025859240141399066, -0.05629221325881558]]
newcameramtx = [[1198.7186279296875, 0.0, 819.3108114728238], [0.0, 1312.59375, 520.2088570296764], [0.0, 0.0, 1.0]]
projection_mat = [[180.35123517912, 926.844002030311, 35.90236419313541, 5074.07941694588], [-589.7041876288372, 367.55837057314835, -614.6727471838734, 3781.173757794677], [-0.6119246482849121, 0.6966648697853088, 0.3744412362575531, 5.57969856262207]]
extrinsic_mat = [[0.6710259318351746, 0.7078983187675476, -0.22046342492103577, 2.6157045364379883], [-0.4186554551124573, 0.11635278910398483, -0.9006606936454773, 1.9248675107955933], [-0.6119246482849121, 0.6966648697853088, 0.3744412362575531, 5.57969856262207]]

