[Camera]
BlackLevel = 90
ExposureAuto = Off
ExposureTime = 4203
GainAuto = Off
Gain = 20.0
BalanceWhiteAuto = Off
BalanceWhiteRed = 1.890625
BalanceWhiteBlue = 2.109375
fps = 120
RecordResolution = (1440, 1080)
skipping = 1x1
direction = 0

[Other]
cornerValue = 8
blockValue = 14
ks = [[1302.2718378138752, 0.0, 752.0706716927912], [0.0, 1299.1493742682205, 551.6055858159655], [0.0, 0.0, 1.0]]
poses = [[0.8245671442013827, -0.07367709584093111, 0.5609462632481144], [-0.6217142240374547, -0.12280474895539877, 0.7735569903139048], [0.011893432521874026, -0.9865979491621645, -0.1470668596105984]]
eye = [[-2.4149938680363094, -7.628436077202289, 1.2885709072208833]]
hmtx = [[-0.003276298507661917, 0.011522996697415319, -4.469686417427534], [0.001929920166326199, 0.02304924261664741, -13.719411007932173], [3.6190892859981456e-05, -0.0027013358080677156, 1.0]]
dist = [[-0.5489940264461739, 0.37356300538590836, 0.00023403751240301974, 0.0029099112988199504, -0.16066786624403084]]
newcameramtx = [[1047.7547607421875, 0.0, 776.7383732344388], [0.0, 1164.429931640625, 554.1688205169703], [0.0, 0.0, 1.0]]
projection_mat = [[1301.6664892897634, -10.888191256004575, -81.59893145883743, 5160.068109927979], [256.40076944673154, 306.98474844482155, -1225.9767893458675, 4941.902558186204], [0.5952778458595276, 0.7931084036827087, -0.12893140316009521, 8.975351333618164]]
extrinsic_mat = [[0.8010379672050476, -0.598351776599884, 0.01770169660449028, -1.728869915008545], [-0.0631069764494896, -0.11381638050079346, -0.9914954900741577, -0.027444591745734215], [0.5952778458595276, 0.7931084036827087, -0.12893140316009521, 8.975351333618164]]

