[Camera]
BlackLevel = 90
ExposureAuto = Off
ExposureTime = 4203
GainAuto = Off
Gain = 20.0
BalanceWhiteAuto = Off
BalanceWhiteRed = 1.890625
BalanceWhiteBlue = 2.109375
fps = 120
RecordResolution = (1440, 1080)
skipping = 1x1
direction = 0

[Other]
cornerValue = 8
blockValue = 14
ks = [[1000.5594807692379, 0.0, 715.434112886287], [0.0, 972.2076457395151, 553.9085615653152], [0.0, 0.0, 1.0]]
poses = [[-0.26497523142351526, -0.41039723528227023, 0.8725607348515769], [0.602403052059924, -0.3835437496724672, 0.7000033963889547], [0.04738575749571117, 0.71111681173765, 0.34885414092149913]]
eye = [[-1.8516624978639409, -2.1169834082908534, 0.04386971388698924]]
hmtx = [[0.002141226844705521, 0.012347523294334242, -2.349662637754309], [-0.01281514759761412, -0.034472726817858804, 6.006154224576314], [-0.0006497908467042456, -0.009777902514533483, 1.0]]
dist = [[-0.45214195319027917, 0.33808382070718623, 0.0056745093411782275, 0.0010367872847601306, -0.13824526724016384]]
newcameramtx = [[999.8646240234375, 0.0, 714.9372691955869], [0.0, 971.3075561523438, 553.3957171206785], [0.0, 0.0, 1.0]]
projection_mat = [[25.77549174096083, 611.8848402304908, 174.9068054261243, -1808.841857891687], [106.51237230593762, 33.00719920064833, 587.4391994469527, 265.8846421135345], [0.7818209528923035, 0.49378669261932373, 0.3806976079940796, -0.46604177355766296]]
extrinsic_mat = [[-0.5516471862792969, 0.8323758244514465, 0.0532529391348362, -3.226733922958374], [-0.2905878722667694, -0.251645028591156, 0.9231649041175842, 0.8279829025268555], [0.7818209528923035, 0.49378669261932373, 0.3806976079940796, -0.46604177355766296]]

